8353
2324
9744
274
2262
957
5167
7396
9468
7186
9827
7456
8656
4184
8144
9312
1434
9081
3702
7103
7708
4377
4852
9988
4740
8564
2570
8834
827
819
6664
5536
8263
2666
4269
4238
8386
8764
7064
8970
2569
7514
4998
5299
2437
9021
9662
4851
6136
5405
9859
8487
7408
8628
9442
7111
5037
7484
1769
7203
1867
7212
6819
4079
4873
8945
7952
1933
7949
4677
6176
3227
9950
6482
1605
9058
341
1453
9576
9353
8298
7957
887
486
2930
7568
650
4341
9565
8122
6439
6402
1763
5446
6094
1755
5238
3105
7328
2228
4164
7917
1230
2773
7647
5427
5403
6944
7936
472
290
5846
6686
4334
9755
9459
7753
980
5820
4309
4600
5459
3431
7976
8885
2657
5035
7815
7693
2293
7132
2549
3842
3356
811
1400
3322
831
4209
3981
5672
7243
9709
3351
1502
7168
5136
8446
8654
9101
8181
3890
5863
3539
6073
5151
6708
2335
6964
4680
9605
3245
2661
1577
2858
2037
7494
8416
7095
2564
8812
3092
7798
2376
8501
8258
7266
8804
7687
3642
4350
9228
3626
4000